INSERT INTO bankstaging.relationship(id, type, customer_id, account_id) VALUES(1, 'SOLE', 1, 1)
,(2, 'JOINT', 2, 2)
,(3, 'SOLE', 3, 3)
,(4, 'JOINT', 4, 4)
,(5, 'SOLE', 5, 5)
,(6, 'JOINT', 6, 6)
,(7, 'SOLE', 7, 7)
,(8, 'JOINT', 8, 8)
,(9, 'SOLE', 9, 9)
,(10, 'JOINT', 10, 10)
,(11, 'SOLE', 11, 11)
,(12, 'JOINT', 12, 12)
,(13, 'SOLE', 13, 13)
,(14, 'JOINT', 14, 14)
,(15, 'SOLE', 15, 15)
,(16, 'JOINT', 16, 16)
,(17, 'SOLE', 17, 17)
,(18, 'JOINT', 18, 18)
,(19, 'SOLE', 19, 19)
,(20, 'JOINT', 20, 20)
,(21, 'SOLE', 21, 21)
,(22, 'JOINT', 22, 22)
,(23, 'SOLE', 23, 23)
,(24, 'JOINT', 24, 24)
,(25, 'SOLE', 25, 25)
,(26, 'JOINT', 26, 26)
,(27, 'SOLE', 27, 27)
,(28, 'JOINT', 28, 28)
,(29, 'SOLE', 29, 29)
,(30, 'JOINT', 30, 30)
,(31, 'SOLE', 31, 31)
,(32, 'JOINT', 32, 32)
,(33, 'SOLE', 33, 33)
,(34, 'JOINT', 34, 34)
,(35, 'SOLE', 35, 35)
,(36, 'JOINT', 36, 36)
,(37, 'SOLE', 37, 37)
,(38, 'JOINT', 38, 38)
,(39, 'SOLE', 39, 39)
,(40, 'JOINT', 40, 40)
,(41, 'SOLE', 41, 41)
,(42, 'JOINT', 42, 42)
,(43, 'SOLE', 43, 43)
,(44, 'JOINT', 44, 44)
,(45, 'SOLE', 45, 45)
,(46, 'JOINT', 46, 46)
,(47, 'SOLE', 47, 47)
,(48, 'JOINT', 48, 48)
,(49, 'SOLE', 49, 49)
,(50, 'JOINT', 50, 50)
,(51, 'SOLE', 51, 51)
,(52, 'JOINT', 52, 52)
,(53, 'SOLE', 53, 53)
,(54, 'JOINT', 54, 54)
,(55, 'SOLE', 55, 55)
,(56, 'JOINT', 56, 56)
,(57, 'SOLE', 57, 57)
,(58, 'JOINT', 58, 58)
,(59, 'SOLE', 59, 59)
,(60, 'JOINT', 60, 60)
,(61, 'SOLE', 61, 61)
,(62, 'JOINT', 62, 62)
,(63, 'SOLE', 63, 63)
,(64, 'JOINT', 64, 64)
,(65, 'SOLE', 65, 65)
,(66, 'JOINT', 66, 66)
,(67, 'SOLE', 67, 67)
,(68, 'JOINT', 68, 68)
,(69, 'SOLE', 69, 69)
,(70, 'JOINT', 70, 70)
,(71, 'SOLE', 71, 71)
,(72, 'JOINT', 72, 72)
,(73, 'SOLE', 73, 73)
,(74, 'JOINT', 74, 74)
,(75, 'SOLE', 75, 75)
,(76, 'JOINT', 76, 76)
,(77, 'SOLE', 77, 77)
,(78, 'JOINT', 78, 78)
,(79, 'SOLE', 79, 79)
,(80, 'JOINT', 80, 80)
,(81, 'SOLE', 81, 81)
,(82, 'JOINT', 82, 82)
,(83, 'SOLE', 83, 83)
,(84, 'JOINT', 84, 84)
,(85, 'SOLE', 85, 85)
,(86, 'JOINT', 86, 86)
,(87, 'SOLE', 87, 87)
,(88, 'JOINT', 88, 88)
,(89, 'SOLE', 89, 89)
,(90, 'JOINT', 90, 90)
,(91, 'SOLE', 91, 91)
,(92, 'JOINT', 92, 92)
,(93, 'SOLE', 93, 93)
,(94, 'JOINT', 94, 94)
,(95, 'SOLE', 95, 95)
,(96, 'JOINT', 96, 96)
,(97, 'SOLE', 97, 97)
,(98, 'JOINT', 98, 98)
,(99, 'SOLE', 99, 99)
,(100, 'JOINT', 100, 100);